Alpha Beta Gamma Delta Epsilon Zeta
63  51  59  61  50  4
40  66  9   64  63  17
18  23  2   61  1   9
29  8   40  59  10  26
54  9   68  4   16  21
45  19  42  53  48  16
46  37  29  53  68  8
36  32  22  58  10  10
65  14  46  68  61  13
13  62  10  53  32  21
63  22  5   43  57  24
32  26  20  38  58  3
66  57  5   69  21  13
54  41  9   3   21  25
60  39  33  4   46  6
55  10  5   67  28  9
38  28  33  32  62  15
45  5   47  54  22  3
39  4   48  45  11  9
68  17  20  63  32  19
62  31  56  46  29  8
31  21  11  41  59  21
18  49  66  17  59  9
24  22  23  62  45  5
18  1   51  15  26  26
39  21  48  41  63  6
1   19  52  40  37  15
61  26  45  5   22  13
68  63  14  8   61  24
51  53  36  23  60  15
53  20  54  46  8   13
65  9   44  36  32  1
8   62  31  36  15  11
32  18  31  48  45  16
2   29  9   27  42  9
25  67  54  44  13  5
30  16  41  48  53  16
57  41  50  26  1   11
42  23  59  46  33  4
2   22  63  19  18  19
16  10  52  40  55  17
6   62  32  47  65  19
52  10  61  28  13  2
9   3   33  7   31  20
33  5   42  38  28  19
37  64  17  9   5   2
49  20  42  14  66  5
52  17  16  13  6   25
9   60  64  43  57  10
39  12  49  69  20  17
18  62  66  68  28  22
45  25  23  67  52  2
41  9   58  40  53  12
55  69  23  64  59  13
1   16  13  43  3   24
37  63  12  24  3   10
17  16  42  41  29  4
1   28  3   67  57  9
30  23  44  58  16  4
38  52  42  51  28  21
25  68  40  54  33  3
16  40  8   48  1   10
39  18  66  37  26  15
32  21  12  44  66  15
49  64  48  41  53  20
27  26  33  8   10  22
3   45  25  14  18  7
21  17  37  44  19  16
7   61  41  47  32  3
24  61  43  16  28  21
28  61  63  41  65  7
20  8   27  52  17  24
28  31  54  25  1   2
31  50  69  21  51  8
18  54  61  13  37  5
42  48  20  21  19  23
48  56  2   16  3   24
1   55  33  28  56  22
43  63  16  38  10  23
64  49  57  23  67  20
34  44  30  16  37  16
3   64  68  61  54  9
60  29  18  27  8   15
12  64  50  61  2   1
30  53  62  38  52  1
15  7   29  41  20  22
63  67  1   69  28  17
51  19  9   62  55  14
10  31  23  28  11  14
3   17  49  68  55  8
23  55  33  22  29  21
39  59  7   67  50  25
10  56  24  61  5   12
48  32  63  4   49  20
25  11  9   65  64  16
68  3   21  6   60  24
44  49  33  50  52  8
44  38  64  69  60  6
64  56  61  23  67  12
52  33  47  36  20  12
66  27  11  9   67  2
32  21  17  23  11  5
10  47  68  65  50  24
39  5   35  7   23  11
6   58  66  25  35  5
11  50  40  17  62  26
57  15  29  3   54  10
32  28  10  64  61  12
66  57  2   31  24  18
63  39  59  34  10  4
29  37  23  64  60  6
36  3   56  69  27  25
14  42  43  52  40  17
53  2   23  63  41  11
33  4   24  31  22  10
36  58  27  41  20  7
37  69  12  25  60  20
20  16  43  64  22  17
40  69  33  23  30  12
6   34  33  59  58  12
64  24  59  41  11  15
9   32  5   7   23  26
25  67  39  23  54  11
64  27  65  13  47  9
69  32  52  66  20  23
25  66  44  5   26  9
47  69  30  66  57  3
32  16  3   34  12  14
25  39  64  2   33  17
46  62  59  35  19  13
62  30  12  25  52  8
32  3   25  51  18  3
30  35  38  33  64  22
14  23  41  61  22  9
65  28  49  60  4   25
9   61  28  40  30  3
55  24  63  53  44  19
23  42  68  52  11  6
22  15  49  5   8   25
11  60  23  54  43  3
46  50  12  13  10  21
28  11  50  57  62  23
32  34  14  23  68  3
3   34  27  59  69  19
62  52  13  12  44  6
22  11  53  21  10  18
67  21  65  31  64  5
54  12  11  16  15  25
29  27  7   40  17  25
7   15  36  18  19  20
2   62  40  50  3   5
13  4   36  31  52  8
26  60  67  31  28  23
16  5   12  31  43  18
40  52  3   67  12  21
32  22  40  69  34  19
44  5   39  69  47  24
61  52  51  64  3   6
8   27  34  4   19  10
32  16  19  57  34  13
47  2   63  62  11  17
42  15  6   5   29  10
12  61  54  38  36  22
65  40  44  59  27  20
67  16  63  38  55  25
30  68  59  41  28  10
9   42  10  55  32  6
62  2   30  19  14  22
16  46  10  56  7   1
47  33  68  27  13  13
14  18  19  64  32  9
47  2   66  67  6   2
53  16  69  58  29  21
37  57  47  50  52  21
40  17  46  69  41  6
66  37  22  14  45  5
26  4   32  55  64  18
50  53  7   16  25  15
12  2   17  20  65  17
9   47  20  25  68  7
56  62  54  63  4   10
20  31  56  64  60  2
57  32  30  42  56  11
57  62  69  49  48  19
20  15  31  40  29  1
27  68  12  43  29  1
52  40  48  18  30  9
33  6   46  44  26  4
40  59  21  39  55  17
23  57  42  31  50  5
8   29  51  58  41  5
12  43  17  26  48  24
7   5   39  24  31  7
35  3   16  2   13  27
50  44  45  51  47  8
29  10  18  16  45  19
17  46  22  30  56  16
25  18  29  21  28  16
22  56  2   45  32  12
12  14  21  4   55  7
6   43  48  50  8   7
3   17  13  52  42  24
29  38  8   13  52  28
34  48  54  52  9   15
42  14  9   16  11  19
13  7   49  24  57  15
4   52  22  27  28  35
27  44  41  29  34  2
31  12  57  44  43  11
39  6   37  45  55  33
45  34  13  50  16  11
46  39  52  11  54  3
30  27  25  15  4   18
24  18  6   3   14  21
24  41  31  26  7   25
35  18  46  49  28  27
5   10  3   22  32  7
20  16  10  57  9   15
22  20  21  54  41  7
41  29  52  54  48  29
49  32  31  53  48  25
18  43  13  8   27  15
6   40  37  13  8   11
57  25  8   56  9   22
8   15  59  34  53  23
31  9   43  17  15  16
12  1   44  28  35  25
48  24  38  52  29  32
31  29  1   47  25  7
58  4   17  35  15  17
24  41  39  23  27  30
2   31  6   11  30  33
26  1   38  34  51  6
45  21  35  33  38  12
25  10  14  39  53  18
31  22  13  23  29  17
1   21  29  16  40  30
58  1   32  42  12  12
1   19  45  58  46  29
41  33  39  54  40  28
44  39  30  33  2   1
38  2   12  4   6   17
54  23  19  7   50  14
30  38  16  11  42  7
30  47  33  25  14  8
46  47  8   14  39  18
24  44  31  11  40  27
50  42  36  38  34  33
8   35  15  12  50  32
25  28  11  17  46  12
39  17  21  32  19  8
18  51  14  34  10  26
29  1   49  9   32  22
44  45  1   24  51  28
25  11  54  13  39  19
34  58  5   21  10  33
51  52  36  24  56  22
16  5   50  11  26  34
49  24  12  36  35  1
19  16  20  33  29  10
57  12  28  15  11  23
15  27  23  36  16  9
10  4   53  2   41  22
19  9   29  2   28  19
47  49  59  15  14  10
4   43  46  55  18  25
40  27  17  53  37  35
36  14  10  11  7   15
46  11  12  47  50  22
19  15  56  31  14  5
47  31  48  38  22  15
5   13  43  55  28  33
48  34  55  44  54  10
43  22  49  15  12  14
54  30  32  46  25  26
13  30  24  42  48  27
46  17  22  16  54  35
54  53  23  57  49  35
38  6   36  48  51  17
35  16  33  51  13  28
55  37  39  52  51  11
9   33  19  38  54  15
19  2   11  21  42  34
1   38  25  13  3   17
48  28  59  25  57  16
54  57  51  6   10  12
40  42  30  29  50  16
36  20  54  27  26  19
5   7   28  27  19  20
37  39  38  19  10  28
46  50  16  31  5   18
13  33  18  24  25  31
20  1   45  18  4   7
54  11  52  35  2   13
7   14  24  41  21  26
23  22  30  39  37  16
36  18  25  50  48  23
37  6   1   53  16  27
14  39  2   40  43  13
29  43  31  50  9   18
43  2   51  45  16  35
5   52  28  59  31  27
24  17  45  46  26  19
52  28  36  32  35  31
21  40  8   38  4   3
7   8   17  59  48  9
37  8   40  52  39  24
34  12  31  51  3   24
49  1   8   24  28  24
12  46  44  47  26  29
49  13  30  53  42  29
38  39  28  24  30  16
22  12  4   31  10  3
10  53  17  25  45  9
5   32  26  18  15  35
23  7   2   3   51  26
9   55  42  25  57  14
34  58  24  36  57  11
58  18  53  8   45  35
56  8   12  43  34  9
50  53  10  20  25  35
41  6   54  5   37  26
6   52  59  29  9   7
33  54  42  9   45  30
14  25  33  18  49  23
58  30  35  28  59  15
22  7   1   10  49  24
34  15  48  27  31  1
24  2   28  32  59  25
55  15  49  16  28  18
20  34  58  4   39  31
32  23  47  39  49  22
55  7   52  33  39  33
41  47  55  31  4   1
48  31  17  49  29  34
15  5   46  49  16  26
9   2   19  50  11  32
30  3   22  7   33  20
29  48  36  19  25  12
35  6   51  5   29  21
42  34  59  39  44  8
26  45  14  55  54  20
49  14  48  9   44  29
26  11  21  34  33  29
19  22  13  53  8   24
3   12  27  38  2   17
33  41  59  44  28  21
55  13  28  58  31  15
34  23  43  19  2   14
34  5   51  2   58  9
28  54  14  15  37  10
14  24  32  41  10  30
26  3   9   7   54  19
3   8   25  47  30  13
42  11  12  38  17  2
13  2   54  14  3   4
17  49  54  35  1   34
9   23  2   14  21  3
52  49  36  57  44  1
54  37  34  25  24  29
8   57  17  59  32  24
12  15  38  5   27  7
47  23  11  28  32  20
57  8   55  12  18  2
55  2   7   1   9   29
38  14  13  19  31  25
29  8   9   7   24  25
54  15  48  33  10  34
39  28  58  47  10  22
19  58  37  20  41  14
52  48  15  24  40  23
56  51  35  44  8   18
38  56  28  39  23  32
36  51  45  25  40  8
39  7   40  24  37  1
33  41  25  14  32  34
10  18  19  1   13  27
45  13  48  32  20  17
9   6   11  44  31  25
26  5   45  44  57  29
57  25  18  55  50  17
12  52  55  43  5   10
32  4   45  23  18  7
29  37  59  10  44  10
31  5   55  50  56  9
37  56  3   49  9   32
49  1   5   10  15  22
27  40  13  23  24  17
54  2   49  36  40  10
56  6   4   34  49  29
47  34  23  31  3   13
33  9   56  54  57  5
3   42  26  34  28  28
10  58  26  57  8   4
9   38  3   33  19  18
11  39  40  17  12  5
6   51  42  4   25  17
47  53  14  52  54  5
49  7   17  53  2   23
58  54  45  17  12  13
7   10  35  32  22  19
1   25  44  17  37  20
19  33  42  52  11  33
2   22  19  45  26  24
2   45  26  9   47  11
40  25  7   56  2   20
32  19  7   9   6   13
45  17  59  12  25  19
30  48  42  46  40  23
18  54  56  21  46  23
17  43  11  4   51  20
37  58  14  4   12  13
58  5   25  59  30  32
24  36  21  45  42  15
8   24  59  39  49  5
58  53  40  23  9   6
44  29  54  40  9   7
14  27  58  25  38  6
22  1   42  38  34  17
8   37  2   35  22  6
55  45  31  30  59  27
52  2   36  35  13  11
40  6   51  29  3   4
28  8   56  53  30  16
1   46  39  33  18  33
33  57  19  23  13  28
57  47  46  52  7   17
48  55  28  40  36  1
22  16  42  23  55  32
2   26  11  32  22  19
4   36  26  33  55  32
33  53  59  22  28  14
49  14  9   17  57  2
27  21  19  6   2   25
31  35  41  9   57  26
22  10  13  14  52  11
2   34  11  41  26  32
6   23  19  43  13  16
21  57  26  22  30  27
26  36  40  7   12  17
31  22  55  26  54  18
55  54  48  23  3   5
9   59  31  56  19  2
6   39  8   30  48  20
58  18  48  13  36  28
10  57  31  12  56  33
40  1   52  36  53  20
39  29  4   8   7   24
35  8   12  1   6   3
23  46  11  26  55  27
43  48  7   37  52  16
29  53  52  17  31  31
43  17  14  13  54  15
44  53  7   21  3   16
38  9   32  28  5   29
46  52  37  10  40  12
45  10  6   23  41  1
56  13  8   41  3   16
48  20  14  34  3   21
41  31  39  2   5   29
25  3   32  17  19  17
58  16  15  46  50  29
12  43  27  25  23  29
58  36  16  6   5   3
36  38  5   27  41  12
41  33  16  40  11  34
47  16  14  32  52  16
22  49  41  26  3   18
24  43  11  12  45  9
29  8   28  34  38  35
51  21  32  28  9   35
47  21  23  14  10  7
11  20  13  27  59  26
30  49  54  26  51  25
20  18  53  28  35  20
55  52  46  50  36  14
54  43  13  11  23  4
18  44  35  39  1   11
23  20  5   30  8   3
40  23  44  55  15  14
36  25  44  8   10  28
23  40  53  26  7   21
27  19  38  13  17  12
46  10  3   19  36  3
5   23  16  22  29  6
22  32  37  44  50  34
24  30  8   18  39  26
15  59  27  58  3   20
44  10  58  8   30  13
55  32  50  54  42  32
32  45  34  52  58  20
54  4   7   9   30  25
45  31  1   48  27  5
34  56  36  32  22  33
18  50  23  3   21  4
4   28  31  44  21  10
42  23  10  7   1   35
5   2   26  25  49  18
35  18  43  29  26  28
36  59  26  15  34  35
55  23  17  59  36  10
57  14  29  18  28  8
41  26  42  13  39  10
40  42  18  16  2   33
50  1   8   39  5   23
43  26  3   20  48  1
48  56  24  36  33  6
34  44  20  48  6   29
42  4   26  51  19  29
8   44  21  11  49  22
49  54  28  25  56  28
7   20  6   1   49  23
47  31  22  29  55  19
55  41  26  14  59  1
56  27  46  6   51  21
51  13  46  39  4   1
7   15  3   11  28  12
55  30  53  48  19  18
58  3   56  48  16  4
6   50  5   36  13  13
14  3   46  38  35  16
9   54  38  56  31  20
5   2   57  23  20  3
4   46  16  37  32  13
5   36  49  55  22  23
5   3   29  59  39  29
35  19  14  39  56  33
20  7   15  41  44  22
58  34  6   46  40  6
44  1   53  3   41  30
17  11  29  56  57  14
14  16  27  15  8   26
14  57  33  10  7   18
56  45  57  22  18  27
59  48  19  33  30  27
17  45  10  29  9   33
10  56  9   24  52  14
49  59  13  41  14  14
59  7   53  26  4   32
46  13  8   51  35  30
21  43  28  3   7   2
35  24  58  53  10  22
56  7   1   11  55  1
12  59  44  20  9   23
7   33  50  38  8   29
57  40  58  31  39  33
29  43  25  4   34  29
8   42  51  20  6   16
22  39  49  46  20  29
15  16  19  14  24  2
44  42  16  47  23  2
13  30  5   20  17  18
33  24  49  45  1   6
14  5   58  54  36  27
50  58  16  29  11  33
15  37  35  1   47  8
32  43  53  55  56  6
11  55  58  14  49  30
1   8   59  46  41  24
5   41  20  14  17  5
45  35  47  46  12  12
47  30  29  49  45  35
26  1   11  4   23  14
54  11  6   42  53  7
17  39  16  7   51  32
23  50  28  59  56  5
12  11  32  56  52  11
37  52  10  1   57  11
38  51  17  28  39  33
23  56  43  45  15  7
8   13  59  17  34  35
41  54  59  33  5   13
28  19  29  47  4   5
44  12  43  24  45  7
50  34  29  6   44  28
41  30  10  36  38  1
47  5   29  45  19  25
3   24  38  21  39  24
50  35  21  47  46  2
5   25  40  23  28  34
16  27  45  41  21  14
52  51  16  14  30  19
31  15  13  54  10  18
59  28  51  13  49  33
46  52  24  56  2   19
33  41  4   19  59  9
39  20  14  40  3   37
18  5   33  43  45  8
47  6   2   34  35  22
55  20  37  45  39  28
30  35  57  4   59  25
16  9   17  28  30  11
22  25  39  13  51  28
56  4   35  51  36  8
58  59  35  5   57  12
43  39  2   33  40  26
12  39  14  46  34  36
11  40  16  51  56  38
39  21  1   18  55  6
8   3   23  30  58  13
26  35  16  52  58  2
38  24  5   10  43  1
43  10  12  23  47  18
35  3   37  27  45  31
46  7   43  54  20  17
27  43  12  23  1   31
41  51  30  50  53  8
27  12  3   4   44  26
47  52  55  48  12  13
43  22  6   20  32  11
16  50  42  59  41  5
32  53  22  4   19  24
54  3   5   27  18  13
15  52  25  53  54  2
19  35  57  47  13  29
2   54  12  58  25  14
49  53  13  9   47  39
23  2   47  28  17  36
31  28  48  18  52  37
35  9   50  12  58  4
46  41  36  18  11  38
57  59  54  25  30  6
49  19  13  28  21  11
55  20  40  47  41  19
40  51  59  41  38  33
38  1   48  27  7   30
40  42  38  1   4   17
28  48  54  24  50  25
54  18  8   19  32  8
31  9   23  1   11  6
55  50  24  11  15  8
11  29  1   51  18  32
30  24  57  59  45  26
18  39  57  36  41  12
59  12  46  19  15  12
22  38  21  12  41  18
41  43  20  19  38  29
50  16  18  36  27  8
53  37  14  44  45  29
17  58  39  19  41  21
56  38  46  8   18  31
43  12  20  51  55  11
50  4   31  42  23  23
8   49  2   40  50  36
7   12  42  49  13  16
40  18  17  8   44  16
43  32  9   45  17  31
11  55  47  2   27  15
15  41  29  27  3   24
41  15  6   13  32  3
40  44  55  24  4   5
58  11  3   48  47  19
9   24  43  34  36  27
21  55  33  45  44  7
4   49  39  50  23  39
53  5   56  14  32  11
56  18  55  10  41  15
43  22  34  6   45  23
58  56  20  19  42  37
10  4   11  33  19  27
15  28  5   26  32  9
11  20  46  27  3   8
53  28  48  39  40  9
4   41  1   12  47  3
12  20  28  40  48  8
42  31  23  48  2   21
50  58  7   31  51  6
4   45  21  17  13  10
32  36  39  29  49  29
12  34  3   42  37  36
23  48  21  9   13  24
32  52  36  48  11  19
51  39  42  11  7   30
15  41  59  37  56  5
33  57  53  3   14  36
28  45  24  52  49  2
4   47  58  5   36  6
34  30  51  31  45  23
36  51  56  22  59  32
22  13  9   37  23  31
48  23  40  21  19  27
7   52  6   33  26  24
40  22  32  26  38  7
37  47  18  22  54  36
18  37  20  16  3   30
52  50  1   38  17  24
33  11  44  47  46  12
43  19  4   11  33  14
32  18  45  10  11  18
1   8   19  10  20  23
25  8   11  58  41  16
27  24  42  31  13  22
10  5   12  11  20  2
47  37  30  54  10  39
20  8   21  37  32  4
12  10  38  53  57  1
14  59  54  53  16  5
30  51  17  48  54  29
5   8   44  40  11  10
7   12  23  34  38  33
34  45  38  39  50  33
49  7   27  1   36  39
25  24  20  59  53  15
20  2   46  7   16  34
20  39  7   17  59  17
28  16  12  11  15  11
46  34  32  22  12  2
42  32  49  6   2   35
26  41  14  37  46  24
30  12  36  20  47  25
52  13  55  44  51  30
8   35  27  16  42  30
10  36  52  24  55  15
18  44  1   39  37  13
7   20  21  34  43  34
36  20  59  17  7   33
10  57  51  35  39  20
33  22  42  14  11  38
40  20  21  17  51  19
32  56  4   27  22  13
17  36  29  16  31  23
7   22  10  27  12  26
47  4   33  32  55  39
58  50  36  9   33  31
22  52  10  23  7   29
52  26  31  22  4   30
53  30  19  37  28  36
1   57  16  41  17  15
1   11  20  27  25  2
59  30  46  38  20  27
16  58  22  30  51  25
27  37  22  45  35  3
21  23  38  20  42  6
28  21  20  56  27  4
10  41  44  56  48  4
52  53  3   14  10  3
38  43  6   48  47  27
57  30  13  38  32  25
48  11  45  30  47  10
54  31  9   30  50  39
29  18  11  36  8   6
38  13  12  9   35  30
22  49  27  14  32  5
18  34  40  59  48  25
39  14  43  9   4   38
24  3   28  1   41  10
6   20  10  1   13  32
20  19  47  57  40  29
7   58  55  29  2   27
28  15  36  23  21  20
52  58  53  37  51  38
41  5   57  34  22  31
47  13  34  40  57  11
23  25  16  49  58  20
28  44  12  22  25  24
57  56  1   53  12  5
11  34  55  41  49  20
22  41  49  21  5   15
14  6   32  52  38  20
21  22  52  49  58  34
36  52  44  4   40  33
15  59  52  10  31  4
13  45  54  5   17  12
21  7   32  52  44  10
14  49  39  24  20  7
9   36  44  45  39  9
55  26  48  45  24  8
16  36  20  6   31  8
41  37  17  50  21  1
41  33  10  59  29  15
14  49  9   7   45  23
47  18  58  53  51  30
50  17  57  35  4   12
13  54  41  37  27  32
36  7   26  8   19  15
14  10  40  51  30  1
29  8   37  38  5   34
22  54  52  14  59  4
37  52  22  36  17  24
26  35  48  47  6   21
15  26  31  6   20  9
53  16  15  42  20  17
46  15  43  44  32  19
41  8   7   55  23  23
32  15  8   11  50  27
41  44  20  54  50  22
56  27  29  20  58  31
23  3   7   42  27  37
5   52  14  38  39  6
53  41  36  32  37  30
52  8   49  51  32  23
24  41  17  47  39  21
23  43  25  35  13  15
14  41  12  13  35  29
58  12  5   1   13  21
41  58  27  39  44  17
37  46  14  34  55  37
46  50  27  28  26  21
18  13  4   59  49  5
26  36  7   49  58  4
58  59  32  50  42  31
57  30  19  48  32  14
12  8   22  29  14  22
32  37  46  50  7   26
51  10  45  11  14  17
19  26  54  41  2   23
51  46  26  3   11  23
38  22  59  49  14  16
34  51  45  6   16  4
16  5   49  30  25  39
15  30  5   40  25  6
45  49  50  13  32  30
2   50  38  21  20  22
50  57  24  12  48  22
52  54  41  42  57  30
34  20  36  39  18  19
7   8   29  20  25  11
25  24  49  30  5   23
17  56  37  40  51  25
13  28  56  41  38  25
16  18  51  53  4   23
35  27  16  9   57  29
23  47  36  18  59  36
1   53  20  37  52  33
43  23  1   21  30  11
6   51  3   20  32  23
43  14  31  51  24  27
14  26  32  15  36  12
32  10  25  47  34  5
45  37  50  33  4   11
34  25  41  49  46  29
53  37  46  39  5   8
38  2   43  5   59  8
33  5   52  46  17  9
6   22  4   16  32  11
21  26  47  4   28  37
26  50  57  52  51  37
39  1   4   42  20  2
50  56  42  53  19  39
22  4   41  44  9   14
38  53  9   52  32  15
48  39  26  18  22  17
53  24  51  16  18  16
28  22  3   11  18  33
53  9   37  5   42  27
20  41  13  35  16  6
26  42  58  27  15  37
45  10  23  30  18  2
22  20  32  16  37  9
51  42  1   59  23  20
5   16  6   21  12  7
52  19  57  34  23  21
23  30  42  35  31  6
6   7   40  56  31  38
30  40  37  32  19  37
49  32  4   15  58  21
12  7   22  31  8   18
45  20  38  42  3   27
6   36  50  19  59  13
52  42  30  8   26  15
30  15  48  22  37  12
7   28  44  43  15  20
59  22  26  16  27  5
46  49  7   35  28  20
52  56  1   6   48  9
21  57  58  14  50  7
2   33  41  54  9   14
48  2   16  41  3   19
23  47  10  20  54  26
49  27  23  52  19  21
16  29  26  45  41  1
7   44  33  30  51  10
13  7   47  3   34  30
59  27  56  28  21  21
6   1   44  55  49  36
3   58  16  20  42  7
32  49  42  56  17  11
31  46  13  45  41  21
44  15  56  39  2   15
33  8   45  9   2   5
5   22  45  49  10  37
18  53  5   28  20  27
24  44  30  32  7   18
33  26  14  41  1   37
10  32  18  5   23  4
6   37  42  20  25  25
26  20  54  46  38  23
9   5   59  23  2   26
46  34  25  8   39  34
